format EX6 fp gupta3 exdata-1 heart1 human-gene2  
"bsr-32" .00664707179880136550 .02858742339017200661 .33641962864798535115 1.58149416414992117009 .21452991472588103444   
"2kat-32" .24593610317104189960 .50922292674611040960 1.06072938722573962322 2.51564184358566437997 .94115614611256682743 .59182914130202316485  
"4kat-32" .24868267345843966368 .51690220792492626467 1.06616686113404306811 2.51790655654708940108 .93326554092704702562 .61523613469087534058  
"8kat-32" .20789908816373234640 .47373170692912192324 1.05084456696950996103 2.49830864538005504583 .89160749866830313708 .62843553793365130257  
"bsr-64" .00263747758527565253 .01086550951052506805 .25398957367849268000 1.37631431526109700242 .11592557857972831103   
"2kat-64" .30069989421261143291 .57949584275430617861 1.10356133938659012508 2.34996610271000737836 .93668408062175678225 .78707666421665784589  
"4kat-64" .29645047155715463966 .58028718980795943721 1.10335869218892363349 2.37907840894990355221 .93564110897227569310 .83668033898282933956  
"8kat-64" .24177131124068556666 .52357547445406436701 1.12823469792452779955 2.35706048370619994572 .93709122138455798953 .82466787850409049518  
"bsr-128" .00047469906909183629 .00221246771699809668 .08787755631280202711 .37791754682228148318 .02939773977253197443   
"2kat-128" .35365731927302802792 .63545799232150768539 1.17810570105986392137 1.21932142761323323381 .89760643592020141989 .93386033874003441929  
"4kat-128" .36064900315558334666 .64890734719457819667 1.17849320171758252096 1.21727381914549961410 .89788810279515100916 .93420347418088946726  
"8kat-128" .36899631944741496510 .64410416047822378384 1.17846729522431885802 1.22096273589701562256 .89850718463309084466 .92325892204713816777  
"bsr-256" .00021202791828664215 .00093302299134080134 .05891119262024726500 .15360002874953595228 .01482121799710401072   
"2kat-256" .41663026861760209652 .68769044900975003853 1.21625273956320823706 1.24298113904286731855 .89391551666732747143 1.10248301156402695211  
"4kat-256" .41932115986135768027 .68838888575423874568 1.21665681235559289354 1.27633120002935097468 .89377462403348653627 1.10151870969401457518  
"8kat-256" .42280792229434554125 .68641644749328922751 1.21557463742709418017 1.29766436916778484389 .89272828668761577547 1.09343137225459492328  
