format 256 512 1024 2048  
 
"csr" 0.052141 0.410701 4.354189 33.821600  
"bsr-32" 0.031279 0.250356 2.030709 16.382692  
"2kat-32" 0.024751 0.196329 1.570451 12.620084  
"4kat-32" 0.024713 0.196542 1.576435 12.625426  
"8kat-32" 0.024768 0.198134 1.586796 12.709493  
"bsr-64" 0.028821 0.229082 1.856655 14.950987  
"2kat-64" 0.025569 0.202476 1.617846 12.993541  
"4kat-64" 0.025540 0.202484 1.626849 12.995955  
"8kat-64" 0.025580 0.202590 1.627883 13.031286  
"bsr-128" 0.057853 0.463328 3.479601 31.321329  
"2kat-128" 0.055333 0.443229 3.538825 28.649317  
"4kat-128" 0.055377 0.443183 3.532479 28.631243  
"8kat-128" 0.055312 0.442528 3.534074 28.607085  
"bsr-256" 0.079346 0.703753 4.271863 35.819362  
"2kat-256" 0.087615 0.629125 3.893688 28.852769  
"4kat-256" 0.071333 0.642958 3.905697 28.955183  
"8kat-256" 0.074070 0.630735 3.832730 28.962153  
