format 256 512 1024 2048  
"bsr-32" 1.66696505642763515457 1.64046797360558564604 2.14417181388372238464 2.06447145560692955712  
"2kat-32" 2.10662195466849824249 2.09190185861487604989 2.77257233750050144831 2.67998216176691058474  
"4kat-32" 2.10986120665236919839 2.08963478544026213226 2.76204791190248884349 2.67884822262630979738  
"8kat-32" 2.10517603359173126614 2.07284464049582605711 2.74401309305039841290 2.66112896871653338178  
"bsr-64" 1.80913222997120155442 1.79281218079115775137 2.34517936827251158669 2.26216503298411001226  
"2kat-64" 2.03922718917439086393 2.02839348861099587111 2.69134948567416181762 2.60295480654580610474  
"4kat-64" 2.04154267815191855912 2.02831334821516761818 2.67645552844793831511 2.60247130741834670864  
"8kat-64" 2.03835027365129007036 2.02725208549286736758 2.67475549532736689307 2.59541537189806132717  
"bsr-128" .90126700430401189220 .88641523931210718972 1.25134720906218845206 1.07982646585654140027  
"2kat-128" .94231290549943071946 .92661130025336789785 1.23040528989141876187 1.18053774196431977767  
"4kat-128" .94156418729797569388 .92670747749800872325 1.23261567867777841000 1.18128297817876785859  
"8kat-128" .94267066820943014174 .92807912719647118374 1.23205937396896612804 1.18228054343880196112  
"bsr-256" .65713457515186650870 .58358685504715432829 1.01927168544496862375 .94422675646763334310  
"2kat-256" .59511499172516121668 .65281303397575998410 1.11826859265560055145 1.17221331512410472630  
"4kat-256" .73095201379445698344 .63876800661940593320 1.11483020828292619729 1.16806721615263146497  
"8kat-256" .70394221682192520588 .65114667808192029933 1.13605419635612213748 1.16778611037653174472  
