format 256 512 1024 2048  
"coo" 0.036641 0.147365 0.775206 2.867992  
"csr" 0.012524 0.047621 0.342824 1.380031  
"bsr-32" 0.012517 0.050708 0.317136 1.366346  
"2kat-32" 0.009886 0.040554 0.318101 1.283305  
"4kat-32" 0.009883 0.040757 0.339801 1.271171  
"8kat-32" 0.009895 0.043836 0.351915 1.319549  
"bsr-64" 0.011574 0.047295 0.346605 1.366190  
"2kat-64" 0.009955 0.041483 0.297208 1.205313  
"4kat-64" 0.010021 0.041252 0.308187 1.204738  
"8kat-64" 0.010018 0.040882 0.321541 1.216354  
"bsr-128" 0.011086 0.045842 0.293163 1.268910  
"2kat-128" 0.010887 0.044410 0.309530 1.247358  
"4kat-128" 0.010972 0.044493 0.317447 1.245624  
"8kat-128" 0.011019 0.044518 0.317532 1.260636  
"bsr-256" 0.010876 0.044592 0.340783 1.221806  
"2kat-256" 0.010693 0.043206 0.311713 1.265651  
"4kat-256" 0.010712 0.043324 0.311927 1.233851  
"8kat-256" 0.010738 0.043350 0.311917 1.201709  
