format 256 512 1024 2048  
"coo" .34180289839251112142 .32315000169646795372 .44223599920537250743 .48118369925718063369  
 
"bsr-32" 1.00055923943436925780 .93912203202650469353 1.08099994954845870541 1.01001576467454070930  
"2kat-32" 1.26684199878616224964 1.17426147852246387532 1.07772059817479354041 1.07537257316070614546  
"4kat-32" 1.26722655064251745421 1.16841278798733959810 1.00889638347150243819 1.08563757354439331923  
"8kat-32" 1.26568974229408792319 1.08634455698512638014 .97416705738601650966 1.04583535738346965516  
"bsr-64" 1.08208052531536201831 1.00689290622687387673 .98909132874597885200 1.01013109450369275137  
"2kat-64" 1.25806127574083375188 1.14796422630957259600 1.15348173669618583618 1.14495653826018635823  
"4kat-64" 1.24977547150982935834 1.15439251430233685639 1.11238955569183644994 1.14550300563275998598  
"8kat-64" 1.25014973048512677181 1.16484027200234822171 1.06619062576778700072 1.13456362210343370433  
"bsr-128" 1.12971315172289373985 1.03880720736442563587 1.16939722952760068630 1.08757201062329085593  
"2kat-128" 1.15036281803986405805 1.07230353523981085341 1.10756307950764061641 1.10636320927913237418  
"4kat-128" 1.14145096609551585854 1.07030319376081630818 1.07994090352090270186 1.10790334804082130723  
"8kat-128" 1.13658226699337507940 1.06970214295341210296 1.07965181462025874557 1.09471013044209430795  
"bsr-256" 1.15152629643251195292 1.06792698241837100825 1.00598914851973249839 1.12950091913118776630  
"2kat-256" 1.17123351725427849995 1.10218488172938943665 1.09980655282262850763 1.09037246444715012274  
"4kat-256" 1.16915608663181478715 1.09918290093250854030 1.09905202178714891625 1.11847459701373990862  
"8kat-256" 1.16632520022350530825 1.09852364475201845444 1.09908725718700808227 1.14839033409918707440  
