format 256 512 1024 2048  
"coo" 1048736 4194464 16777376 67109024  
"csr" 787620 3147940 12587172 50340004  
"bsr-32" 524756 2098420 8393012 33571252  
"2kat-32" 806720 3226176 12904000 51615296  
"4kat-32" 961696 3741088 15384992 59855264  
"8kat-32" 2925600 13700896 48411424 187253536  
"bsr-64" 524548 2097620 8389876 33558836  
"2kat-64" 793728 3174208 12696128 50783808  
"4kat-64" 825824 3329184 13211040 53264800  
"8kat-64" 1348064 5293088 23170848 86291232  
"bsr-128" 524492 2097412 8389076 33555700  
"2kat-128" 789456 3157120 12627776 50510400  
"4kat-128" 799056 3189216 12782752 51025312  
"8kat-128" 952656 3711456 14746656 60985120  
"bsr-256" 524476 2097356 8388868 33554900  
"2kat-256" 788012 3150800 12602496 50409280  
"4kat-256" 791852 3160400 12634592 50564256  
"8kat-256" 853292 3314000 13156832 52528160  
