format 256 512 1024 2048  
"coo" 2.00030517578125000000 2.00007629394531250000 2.00001907348632812500 2.00000476837158203125  
"csr" 1.50226593017578125000 1.50105476379394531250 1.50050783157348632812 1.50024902820587158203  
"bsr-32" 1.00089263916015625000 1.00060462951660156250 1.00052499771118164062 1.00050127506256103515  
"2kat-32" 1.53869628906250000000 1.53836059570312500000 1.53827667236328125000 1.53825569152832031250  
"4kat-32" 1.83428955078125000000 1.78388977050781250000 1.83403396606445312500 1.78382587432861328125  
"8kat-32" 5.58013916015625000000 6.53309631347656250000 5.77109146118164062500 5.58059024810791015625  
"bsr-64" 1.00049591064453125000 1.00022315979003906250 1.00015115737915039062 1.00013124942779541015  
"2kat-64" 1.51391601562500000000 1.51358032226562500000 1.51349639892578125000 1.51347541809082031250  
"4kat-64" 1.57513427734375000000 1.58747863769531250000 1.57487869262695312500 1.58741474151611328125  
"8kat-64" 2.57122802734375000000 2.52394104003906250000 2.76218032836914062500 2.57167911529541015625  
"bsr-128" 1.00038909912109375000 1.00012397766113281250 1.00005578994750976562 1.00003778934478759765  
"2kat-128" 1.50576782226562500000 1.50543212890625000000 1.50534820556640625000 1.50532722473144531250  
"4kat-128" 1.52407836914062500000 1.52073669433593750000 1.52382278442382812500 1.52067279815673828125  
"8kat-128" 1.81704711914062500000 1.76976013183593750000 1.75793838500976562500 1.81749820709228515625  
"bsr-256" 1.00035858154296875000 1.00009727478027343750 1.00003099441528320312 1.00001394748687744140  
"2kat-256" 1.50301361083984375000 1.50241851806640625000 1.50233459472656250000 1.50231361389160156250  
"4kat-256" 1.51033782958984375000 1.50699615478515625000 1.50616073608398437500 1.50693225860595703125  
"8kat-256" 1.62752532958984375000 1.58023834228515625000 1.56841659545898437500 1.56546115875244140625  
